Subj080 113 118 161 156
Subj085 109    0 148 155
Subj086 114 108 153 149
Subj087 100 108 132 130
Subj088 110 109 142 140
Subj099 109 110 150 139
Subj105 101 102 135 140
Subj109 106 104 156    0
Subj110 107 112 154 146
Subj111 108 112 150 150
Subj112    0 111 143 142
Subj116 106    0 148 148
Subj122 113 113 158 160
Subj123 102 102 159 159
Subj126 102 115 148 150
Subj127 104    0 148 143
Subj128 105 105 148 148
Subj129  99 111 150 148
Subj130 116 109 147 145
Subj133 104    0 159    0
Subj135 110 101 147 150
Subj137  87 101 136 133
Subj138    0 100 140 149
Subj141    0 123 153 160
Subj144 111 115    0 145
Subj304 103 107 161 148
Subj305 102 113 141 146
Subj307 107 113 153 154
Subj308  93 108 156 146
Subj313  97 100 143 135
Subj314 110 110 145 145
Subj315 109 106 146 146
Subj316 115 110 153 153
Subj317  99 101 152 149
Subj331 104 104 144 154
Subj2    116 110 152 154